0100000b0000000000000000000000000000000000000000000000000000000000 h
010000000000000000000000000000000000000000000000000000000000000000
0100000a0000000000000000000000000000000000000000000000000000000000 g
010000000000000000000000000000000000000000000000000000000000000000
010000040000000000000000000000000000000000000000000000000000000000 a
010000000000000000000000000000000000000000000000000000000000000000
010000100000000000000000000000000000000000000000000000000000000000 m
010000000000000000000000000000000000000000000000000000000000000000
010000080000000000000000000000000000000000000000000000000000000000 e
010000000000000000000000000000000000000000000000000000000000000000
010200000000000000000000000000000000000000000000000000000000000000
010000000000000000000000000000000000000000000000000000000000000000
010200000000000000000000000000000000000000000000000000000000000000
0102002f0000000000000000000000000000000000000000000000000000000000 {
010200000000000000000000000000000000000000000000000000000000000000
010000000000000000000000000000000000000000000000000000000000000000
0100000e0000000000000000000000000000000000000000000000000000000000 k
010000000000000000000000000000000000000000000000000000000000000000
010200000000000000000000000000000000000000000000000000000000000000
0102002d0000000000000000000000000000000000000000000000000000000000
010200000000000000000000000000000000000000000000000000000000000000
010000000000000000000000000000000000000000000000000000000000000000
0100002a0000000000000000000000000000000000000000000000000000000000
010000000000000000000000000000000000000000000000000000000000000000
010000080000000000000000000000000000000000000000000000000000000000 e
010000000000000000000000000000000000000000000000000000000000000000
010000390000000000000000000000000000000000000000000000000000000000
010000391c00000000000000000000000000000000000000000000000000000000 y
010000390000000000000000000000000000000000000000000000000000000000
010000000000000000000000000000000000000000000000000000000000000000
010000390000000000000000000000000000000000000000000000000000000000
010000000000000000000000000000000000000000000000000000000000000000
010000050000000000000000000000000000000000000000000000000000000000 b
010000000000000000000000000000000000000000000000000000000000000000
010000270000000000000000000000000000000000000000000000000000000000 0
010000000000000000000000000000000000000000000000000000000000000000
010000040000000000000000000000000000000000000000000000000000000000 a
010000000000000000000000000000000000000000000000000000000000000000
0100001e0000000000000000000000000000000000000000000000000000000000 1
010000000000000000000000000000000000000000000000000000000000000000
010000070000000000000000000000000000000000000000000000000000000000 d
010000000000000000000000000000000000000000000000000000000000000000
010000390000000000000000000000000000000000000000000000000000000000
010200390000000000000000000000000000000000000000000000000000000000
010200392d00000000000000000000000000000000000000000000000000000000 _
010200390000000000000000000000000000000000000000000000000000000000
010200000000000000000000000000000000000000000000000000000000000000
010000000000000000000000000000000000000000000000000000000000000000
010000390000000000000000000000000000000000000000000000000000000000
010000000000000000000000000000000000000000000000000000000000000000
0100000a0000000000000000000000000000000000000000000000000000000000 G
010000000000000000000000000000000000000000000000000000000000000000
010000040000000000000000000000000000000000000000000000000000000000 A
010000000000000000000000000000000000000000000000000000000000000000
010000100000000000000000000000000000000000000000000000000000000000 M
010000000000000000000000000000000000000000000000000000000000000000
010000270000000000000000000000000000000000000000000000000000000000 0
010000000000000000000000000000000000000000000000000000000000000000
010000390000000000000000000000000000000000000000000000000000000000
010200390000000000000000000000000000000000000000000000000000000000
010200392d00000000000000000000000000000000000000000000000000000000 -
010200390000000000000000000000000000000000000000000000000000000000
010200392d00000000000000000000000000000000000000000000000000000000 -
010200390000000000000000000000000000000000000000000000000000000000
010000390000000000000000000000000000000000000000000000000000000000
010000000000000000000000000000000000000000000000000000000000000000
0100001e0000000000000000000000000000000000000000000000000000000000 1
010000000000000000000000000000000000000000000000000000000000000000
010000220000000000000000000000000000000000000000000000000000000000 5
010000000000000000000000000000000000000000000000000000000000000000
010000390000000000000000000000000000000000000000000000000000000000 
010200390000000000000000000000000000000000000000000000000000000000
010200392d00000000000000000000000000000000000000000000000000000000 _
010200390000000000000000000000000000000000000000000000000000000000
010000390000000000000000000000000000000000000000000000000000000000
010000000000000000000000000000000000000000000000000000000000000000
010000160000000000000000000000000000000000000000000000000000000000 S
010000000000000000000000000000000000000000000000000000000000000000
010000270000000000000000000000000000000000000000000000000000000000 0
010000000000000000000000000000000000000000000000000000000000000000
010000390000000000000000000000000000000000000000000000000000000000
010200390000000000000000000000000000000000000000000000000000000000
010200392d00000000000000000000000000000000000000000000000000000000 -
010200390000000000000000000000000000000000000000000000000000000000
010000390000000000000000000000000000000000000000000000000000000000
010000000000000000000000000000000000000000000000000000000000000000
010000390000000000000000000000000000000000000000000000000000000000
010000000000000000000000000000000000000000000000000000000000000000
0100001e0000000000000000000000000000000000000000000000000000000000 
010000000000000000000000000000000000000000000000000000000000000000
010000110000000000000000000000000000000000000000000000000000000000 
010000000000000000000000000000000000000000000000000000000000000000
010000160000000000000000000000000000000000000000000000000000000000
010000000000000000000000000000000000000000000000000000000000000000
010000170000000000000000000000000000000000000000000000000000000000
010000000000000000000000000000000000000000000000000000000000000000
0100002a0000000000000000000000000000000000000000000000000000000000
010000000000000000000000000000000000000000000000000000000000000000
0100002a0000000000000000000000000000000000000000000000000000000000
010000000000000000000000000000000000000000000000000000000000000000
0100002a0000000000000000000000000000000000000000000000000000000000
010000000000000000000000000000000000000000000000000000000000000000
0100002a0000000000000000000000000000000000000000000000000000000000
010000000000000000000000000000000000000000000000000000000000000000
010000090000000000000000000000000000000000000000000000000000000000 F
010000000000000000000000000000000000000000000000000000000000000000
010000270000000000000000000000000000000000000000000000000000000000 0
010000000000000000000000000000000000000000000000000000000000000000
010000110000000000000000000000000000000000000000000000000000000000 N
010000000000000000000000000000000000000000000000000000000000000000
010200000000000000000000000000000000000000000000000000000000000000
0102002d0000000000000000000000000000000000000000000000000000000000 _
010200000000000000000000000000000000000000000000000000000000000000
010000000000000000000000000000000000000000000000000000000000000000
010200000000000000000000000000000000000000000000000000000000000000
0102002d0000000000000000000000000000000000000000000000000000000000 _
010200000000000000000000000000000000000000000000000000000000000000
010000000000000000000000000000000000000000000000000000000000000000
010200000000000000000000000000000000000000000000000000000000000000
0102001e0000000000000000000000000000000000000000000000000000000000 !
010200000000000000000000000000000000000000000000000000000000000000
0102001e0000000000000000000000000000000000000000000000000000000000 !
010200000000000000000000000000000000000000000000000000000000000000
010000000000000000000000000000000000000000000000000000000000000000
010200000000000000000000000000000000000000000000000000000000000000
010200350000000000000000000000000000000000000000000000000000000000 ~
010200000000000000000000000000000000000000000000000000000000000000
010200350000000000000000000000000000000000000000000000000000000000 ~
010200000000000000000000000000000000000000000000000000000000000000
010000000000000000000000000000000000000000000000000000000000000000
010000390000000000000000000000000000000000000000000000000000000000
010000000000000000000000000000000000000000000000000000000000000000
010200000000000000000000000000000000000000000000000000000000000000
010200350000000000000000000000000000000000000000000000000000000000 ~
010200000000000000000000000000000000000000000000000000000000000000
010200350000000000000000000000000000000000000000000000000000000000 ~
010200000000000000000000000000000000000000000000000000000000000000
010000000000000000000000000000000000000000000000000000000000000000
010000390000000000000000000000000000000000000000000000000000000000
010000000000000000000000000000000000000000000000000000000000000000
010200000000000000000000000000000000000000000000000000000000000000
010200300000000000000000000000000000000000000000000000000000000000 }
010200000000000000000000000000000000000000000000000000000000000000
010000000000000000000000000000000000000000000000000000000000000000
010100000000000000000000000000000000000000000000000000000000000000
010100060000000000000000000000000000000000000000000000000000000000
