01000000000000000000000000000000000000000000000000000000000000
0100000b000000000000000000000000000000000000000000000000000000
01000000000000000000000000000000000000000000000000000000000000
0100000a000000000000000000000000000000000000000000000000000000
01000000000000000000000000000000000000000000000000000000000000
01000004000000000000000000000000000000000000000000000000000000
01000000000000000000000000000000000000000000000000000000000000
01000010000000000000000000000000000000000000000000000000000000
01000010000000000000000000000000000000000000000000000000000000
01000008000000000000000000000000000000000000000000000000000000
01000000000000000000000000000000000000000000000000000000000000
01020000000000000000000000000000000000000000000000000000000000
01000000000000000000000000000000000000000000000000000000000000
01020000000000000000000000000000000000000000000000000000000000
0102002f000000000000000000000000000000000000000000000000000000
01020000000000000000000000000000000000000000000000000000000000
01000000000000000000000000000000000000000000000000000000000000
0100000e000000000000000000000000000000000000000000000000000000
01000000000000000000000000000000000000000000000000000000000000
01020000000000000000000000000000000000000000000000000000000000
0102002d000000000000000000000000000000000000000000000000000000
01020000000000000000000000000000000000000000000000000000000000
01000000000000000000000000000000000000000000000000000000000000
0100002a000000000000000000000000000000000000000000000000000000
01000000000000000000000000000000000000000000000000000000000000
01000008000000000000000000000000000000000000000000000000000000
01000000000000000000000000000000000000000000000000000000000000
01000039000000000000000000000000000000000000000000000000000000
010000391c0000000000000000000000000000000000000000000000000000
01000039000000000000000000000000000000000000000000000000000000
01000000000000000000000000000000000000000000000000000000000000
01000039000000000000000000000000000000000000000000000000000000
01000000000000000000000000000000000000000000000000000000000000
01000005000000000000000000000000000000000000000000000000000000
01000000000000000000000000000000000000000000000000000000000000
01000027000000000000000000000000000000000000000000000000000000
01000000000000000000000000000000000000000000000000000000000000
01000004000000000000000000000000000000000000000000000000000000
01000000000000000000000000000000000000000000000000000000000000
0100001e000000000000000000000000000000000000000000000000000000
01000000000000000000000000000000000000000000000000000000000000
01000007000000000000000000000000000000000000000000000000000000
01000000000000000000000000000000000000000000000000000000000000
01000039000000000000000000000000000000000000000000000000000000
01020039000000000000000000000000000000000000000000000000000000
010200392d0000000000000000000000000000000000000000000000000000
01020039000000000000000000000000000000000000000000000000000000
01020000000000000000000000000000000000000000000000000000000000
01000000000000000000000000000000000000000000000000000000000000
01000039000000000000000000000000000000000000000000000000000000
01000000000000000000000000000000000000000000000000000000000000
0100000a000000000000000000000000000000000000000000000000000000
01000000000000000000000000000000000000000000000000000000000000
01000004000000000000000000000000000000000000000000000000000000
01000000000000000000000000000000000000000000000000000000000000
01000010000000000000000000000000000000000000000000000000000000
01000000000000000000000000000000000000000000000000000000000000
01000027000000000000000000000000000000000000000000000000000000
01000000000000000000000000000000000000000000000000000000000000
01000039000000000000000000000000000000000000000000000000000000
01020039000000000000000000000000000000000000000000000000000000
010200392d0000000000000000000000000000000000000000000000000000
01020039000000000000000000000000000000000000000000000000000000
010200392d0000000000000000000000000000000000000000000000000000
01020039000000000000000000000000000000000000000000000000000000
01000039000000000000000000000000000000000000000000000000000000
01000000000000000000000000000000000000000000000000000000000000
0100001e000000000000000000000000000000000000000000000000000000
01000000000000000000000000000000000000000000000000000000000000
01000022000000000000000000000000000000000000000000000000000000
01000000000000000000000000000000000000000000000000000000000000
01000039000000000000000000000000000000000000000000000000000000
01020039000000000000000000000000000000000000000000000000000000
010200392d0000000000000000000000000000000000000000000000000000
01020039000000000000000000000000000000000000000000000000000000
01000039000000000000000000000000000000000000000000000000000000
01000000000000000000000000000000000000000000000000000000000000
01000016000000000000000000000000000000000000000000000000000000
01000000000000000000000000000000000000000000000000000000000000
01000027000000000000000000000000000000000000000000000000000000
01000000000000000000000000000000000000000000000000000000000000
01000039000000000000000000000000000000000000000000000000000000
01020039000000000000000000000000000000000000000000000000000000
010200392d0000000000000000000000000000000000000000000000000000
01020039000000000000000000000000000000000000000000000000000000
01000039000000000000000000000000000000000000000000000000000000
01000000000000000000000000000000000000000000000000000000000000
01000039000000000000000000000000000000000000000000000000000000
01000000000000000000000000000000000000000000000000000000000000
0100001e000000000000000000000000000000000000000000000000000000
01000000000000000000000000000000000000000000000000000000000000
01000011000000000000000000000000000000000000000000000000000000
01000000000000000000000000000000000000000000000000000000000000
01000016000000000000000000000000000000000000000000000000000000
01000000000000000000000000000000000000000000000000000000000000
01000017000000000000000000000000000000000000000000000000000000
01000000000000000000000000000000000000000000000000000000000000
0100002a000000000000000000000000000000000000000000000000000000
01000000000000000000000000000000000000000000000000000000000000
0100002a000000000000000000000000000000000000000000000000000000
01000000000000000000000000000000000000000000000000000000000000
0100002a000000000000000000000000000000000000000000000000000000
01000000000000000000000000000000000000000000000000000000000000
0100002a000000000000000000000000000000000000000000000000000000
01000000000000000000000000000000000000000000000000000000000000
01000009000000000000000000000000000000000000000000000000000000
01000000000000000000000000000000000000000000000000000000000000
01000027000000000000000000000000000000000000000000000000000000
01000000000000000000000000000000000000000000000000000000000000
01000011000000000000000000000000000000000000000000000000000000
01000000000000000000000000000000000000000000000000000000000000
01020000000000000000000000000000000000000000000000000000000000
0102002d000000000000000000000000000000000000000000000000000000
01020000000000000000000000000000000000000000000000000000000000
01000000000000000000000000000000000000000000000000000000000000
01020000000000000000000000000000000000000000000000000000000000
0102002d000000000000000000000000000000000000000000000000000000
01020000000000000000000000000000000000000000000000000000000000
01000000000000000000000000000000000000000000000000000000000000
01020000000000000000000000000000000000000000000000000000000000
0102001e000000000000000000000000000000000000000000000000000000
01020000000000000000000000000000000000000000000000000000000000
0102001e000000000000000000000000000000000000000000000000000000
01020000000000000000000000000000000000000000000000000000000000
01000000000000000000000000000000000000000000000000000000000000
01020000000000000000000000000000000000000000000000000000000000
01020035000000000000000000000000000000000000000000000000000000
01020000000000000000000000000000000000000000000000000000000000
01020035000000000000000000000000000000000000000000000000000000
01020000000000000000000000000000000000000000000000000000000000
01000000000000000000000000000000000000000000000000000000000000
01000039000000000000000000000000000000000000000000000000000000
01000000000000000000000000000000000000000000000000000000000000
01020000000000000000000000000000000000000000000000000000000000
01020035000000000000000000000000000000000000000000000000000000
01020000000000000000000000000000000000000000000000000000000000
01020035000000000000000000000000000000000000000000000000000000
01020000000000000000000000000000000000000000000000000000000000
01000000000000000000000000000000000000000000000000000000000000
01000039000000000000000000000000000000000000000000000000000000
01000000000000000000000000000000000000000000000000000000000000
01020000000000000000000000000000000000000000000000000000000000
01020030000000000000000000000000000000000000000000000000000000
01020000000000000000000000000000000000000000000000000000000000
01000000000000000000000000000000000000000000000000000000000000
01010000000000000000000000000000000000000000000000000000000000
